# Fields: query id, subject id, % identity, alignment length, mismatches, gap opens, q. start, q. end, s. start, s. end, evalue, bit score

# "Single" matches (>90% identity) 
contig_10096_revcomp:1231-2640	000018F_quiver	96.444	956	23	5	461	1409	904427	903476	0.0	1567
contig_10471:6-820	000024F_quiver	98.776	817	7	1	1	814	792400	791584	0.0	1450
contig_10759_revcomp:1900-6132	000000F_quiver	97.629	4259	68	15	1	4232	2747668	2751920	0.0	7275
contig_10793:2737-3511	000018F_quiver	98.320	774	9	2	1	774	108346	107577	0.0	1354
contig_11016:1867-2709	000000F_quiver	100.000	198	0	0	645	842	1484369	1484566	3.12e-100	366
contig_1130_dbAK:294-2451	000000F_quiver	97.543	2157	39	14	1	2157	1375351	1377493	0.0	3677
contig_11773:4171-5965	000001F_quiver	99.277	1659	11	1	136	1794	1296679	1298336	0.0	2996
contig_1177_revcomp:3-1802	000028F_quiver	97.167	1800	39	6	1	1799	65070	66858	0.0	3031
contig_12040_revcomp:0-3554	000014F_quiver	98.433	3573	28	9	1	3550	955607	952040	0.0	6263
contig_12325_revcomp:0-3058	000038F_quiver	95.859	3067	114	7	1	3058	510007	506945	0.0	4948
contig_12445:0-4443	000009F_quiver	99.373	3028	13	2	1421	4443	809884	812910	0.0	5481
contig_13116:2876-5245	000004F_quiver	98.396	2369	23	15	1	2369	617887	620240	0.0	4150
contig_1389:0-1133	000000F_quiver	96.505	1116	27	8	1	1115	2786657	2785553	0.0	1834
contig_1464_revcomp:21-3462	000004F_quiver	95.749	2470	50	17	3	2436	726273	728723	0.0	3928
contig_15921_revcomp:4242-5775	000002F_quiver	99.478	1533	5	1	1	1533	973500	971971	0.0	2784
contig_1816_revcomp:31810-37955	000016F_quiver	98.683	6149	40	33	1	6145	124044	130155	0.0	10868
contig_18396_revcomp:9-2010	000009F_quiver	98.201	2001	29	2	1	2001	993458	995451	0.0	3489
contig_18620_revcomp:311-2380	000008F_quiver	97.485	2068	35	7	18	2069	161334	163400	0.0	3515
contig_1964:0-9311	000003F_quiver	98.722	9313	62	55	1	9311	726250	735507	0.0	16486
contig_19739_revcomp:1242-6114	000014F_quiver	99.077	4874	34	5	1	4872	748038	743174	0.0	8741
contig_19913:142-2569	000002F_quiver	98.170	2405	31	13	23	2427	753942	751551	0.0	4185
contig_2080:4113-7656	000021F_quiver	98.353	3340	32	15	204	3543	936231	932915	0.0	5842
contig_2287:1-4879	000019F_quiver	99.016	4880	34	7	1	4878	504089	508956	0.0	8733
contig_25183:3259-6700	000013F_quiver	96.062	3276	68	47	1	3268	774795	771573	0.0	5278
contig_2671:19642-22704	000016F_quiver	98.825	3064	21	13	1	3062	561402	564452	0.0	5445
contig_26994:15-4791	000007F_quiver	99.060	4788	21	13	1	4776	224439	229214	0.0	8571
contig_19324_revcomp:1719-3589	000020F_quiver	98.930	1870	16	4	1	1870	263686	265551	0.0	3339
contig_19636_revcomp:107-1705	000007F_quiver	98.125	1600	1	18	1	1598	257563	259135	0.0	2761
contig_2912_revcomp:4-4441	000019F_quiver	98.581	4439	55	6	1	4433	365328	360892	0.0	7841
contig_3264:192-3263	000000F_quiver	99.122	3074	22	3	1	3071	879580	882651	0.0	5522
contig_3395_revcomp:158-1275	000044F_quiver	99.106	1118	8	2	1	1117	289997	291113	0.0	2008
contig_3738:2-938	000006F_quiver	98.935	939	6	2	1	936	382189	383126	0.0	1676
contig_3743:1290-3701	000000F_quiver	99.544	2411	11	0	1	2411	3122825	3125235	0.0	4392
contig_3770:9754-12578	000008F_quiver	98.690	2824	31	6	1	2824	1063134	1065951	0.0	5005
contig_3964:3453-6207	000013F_quiver	99.239	2758	7	11	1	2754	421846	419099	0.0	4964
contig_4385_revcomp:528-3164	000001F_quiver	99.355	2636	12	5	1	2636	1035947	1038577	0.0	4769
contig_4642_revcomp:226-1675	000008F-005-01_quiver	98.691	1451	14	5	1	1449	197314	195867	0.0	2569
contig_4919_revcomp:9063-9842	000003F_quiver	95.000	780	13	20	1	779	1048610	1047856	0.0	1201
contig_5250:0-3253	000006F_quiver	98.681	3261	24	15	1	3253	862168	865417	0.0	5766
contig_5639_revcomp:3646-5107	000007F_quiver	98.973	1461	3	11	1	1461	203904	202456	0.0	2604
contig_6170:2185-3457	000000F_quiver	98.823	1274	7	7	1	1272	2127178	2125911	0.0	2263
contig_688:24-3186	000009F_quiver	98.483	3165	29	15	1	3162	1326545	1323397	0.0	5561
contig_6944_revcomp:5078-6357	000001F_quiver	99.375	1279	8	0	1	1279	1885028	1886306	0.0	2318
contig_6964_revcomp:126-5249	000013F_quiver	98.230	5141	41	34	1	5120	516350	511239	0.0	8944
contig_7670_revcomp:3937-5190	000004F_quiver	95.850	1253	46	3	1	1253	1472529	1471283	0.0	2021
contig_8879:986-3454	000006F_quiver	98.420	2468	15	19	1	2468	868718	871161	0.0	4320
contig_8335_revcomp:4050-8806	000016F-005-01_quiver	99.349	4759	25	4	1	4756	43323	38568	0.0	8612
contig_8765:1118-5555	000021F_quiver	95.753	4144	87	38	132	4256	785914	781841	0.0	6595
contig_8235:61-1128	000003F_quiver	99.237	1048	8	0	6	1053	1751139	1750092	0.0	1892
contig_9559_revcomp:15820-18049	000016F_quiver	98.923	2229	2	20	1	2229	673303	675509	0.0	3964
contig_9559_revcomp:15878-17989	000016F_quiver	99.189	2096	2	15	1	2096	673361	675441	0.0	3762



# Two or more copies
contig_25662_revcomp:485-2672	000079F_quiver	98.679	2196	13	8	1	2187	134077	131889	0.0	3880
contig_25662_revcomp:485-2672	000003F_quiver	98.590	2199	13	8	1	2187	1348953	1346761	0.0	3873

contig_15073:337-3361	000133F_quiver	99.339	3024	10	7	1	3024	44616	47629	0.0	5465
contig_15073:337-3361	000115F_quiver	98.123	3037	29	14	1	3019	106574	109600	0.0	5267

contig_15227_revcomp:3-2249	000058F_quiver	97.423	2251	42	6	1	2246	83263	85502	0.0	3821
contig_15227_revcomp:3-2249	000027F_quiver	96.094	2253	65	11	1	2246	209643	207407	0.0	3651
contig_15227_revcomp:3-2249	000091F_quiver	92.857	56	3	1	153	207	171391	171446	1.24e-13	80.5
contig_15227_revcomp:3-2249	000122F_quiver	92.857	56	3	1	153	207	79762	79817	1.24e-13	80.5

contig_1726_revcomp:9-2125	000011F_quiver	99.151	2121	9	5	1	2116	952181	954297	0.0	3808
contig_1726_revcomp:9-2125	000121F_quiver	99.244	2116	0	5	1	2116	109615	107516	0.0	3805

contig_17690:2136-8229	000016F_quiver	94.631	3669	73	57	1	3648	654540	650975	0.0	5570
contig_17690:2136-8229	000018F_quiver	100.000	31	0	0	3751	3781	383420	383450	1.59e-06	58.4

contig_19234_revcomp:1689-2595	000062F_quiver	94.989	918	17	14	11	906	209847	210757	0.0	1413
contig_19234_revcomp:1689-2595	000020F_quiver	94.939	909	25	14	11	906	886887	887787	0.0	1404

contig_19295:4-2765	000001F_quiver	99.276	2761	20	0	1	2761	1938226	1935466	0.0	4988
contig_19295:4-2765	000028F_quiver	96.817	1131	33	2	1	1131	797159	798286	0.0	1886

contig_192_revcomp:11753-13296	000002F_quiver	98.239	1533	15	5	14	1543	1167095	1168618	0.0	2671
contig_192_revcomp:11753-13296	000017F_quiver	100.000	28	0	0	895	922	902797	902824	1.84e-05	52.8
contig_192_revcomp:11849-13256	000002F_quiver	98.579	1407	14	1	1	1407	1167178	1168578	0.0	2483

contig_2911_revcomp:850-3580	000018F_quiver	99.817	2731	0	5	1	2730	567787	565061	0.0	5011
contig_2911_revcomp:850-3580	000010F_quiver	83.920	199	20	3	2218	2404	87298	87100	1.45e-43	180
contig_2911_revcomp:850-3580	000055F_quiver	89.630	135	14	0	2271	2405	191634	191500	2.42e-41	172
contig_2911_revcomp:850-3580	000006F_quiver	89.630	135	14	0	2271	2405	1194206	1194072	2.42e-41	172
contig_2911_revcomp:850-3580	000127F_quiver	89.552	134	14	0	2271	2404	32087	31954	8.70e-41	171
contig_2911_revcomp:850-3580	000024F_quiver	89.552	134	14	0	2271	2404	119229	119362	8.70e-41	171

contig_2985:1321-4693	000008F_quiver	97.626	3370	44	12	1	3370	675090	678423	0.0	5747
contig_2985_revcomp:1247-4831	000008F_quiver	97.779	3557	57	11	18	3564	683189	679645	0.0	6111

contig_3151_revcomp:39-1842	000008F_quiver	96.082	1761	54	10	53	1803	910308	912063	0.0	2856
contig_3151_revcomp:7034-9768	000250F_quiver	98.557	2702	22	11	34	2734	5785	3100	0.0	4758

contig_3204:280-1490	000007F_quiver	97.769	1210	24	2	1	1210	1246082	1244876	0.0	2082
contig_3204:280-1490	000081F_quiver	97.688	1211	26	2	1	1210	120666	121875	0.0	2080

contig_3287:46-2514	000147F_quiver	99.068	2468	14	7	1	2468	52949	55407	0.0	4421
contig_3287:46-2514	000061F_quiver	98.830	2478	13	7	1	2468	293785	296256	0.0	4401

contig_44_revcomp:0-3887	000044F_quiver	99.743	3887	6	4	1	3887	71809	67927	0.0	7119
contig_44_revcomp:0-3887	000136F_quiver	98.411	3903	36	15	1	3887	24890	20998	0.0	6841

contig_4781:81-1311	000012F_quiver	97.569	1234	9	11	1	1230	462837	464053	0.0	2093
contig_4781:81-1311	000011F_quiver	92.500	40	2	1	790	829	1208714	1208676	1.13e-06	56.5

contig_7256:3083-6122	000014F_quiver	99.244	3041	14	8	1	3039	785140	782107	0.0	5480
contig_7362:4521-7997	000002F_quiver	99.021	3472	23	10	1	3472	812612	809152	0.0	6213

contig_7536_revcomp:1641-3808	000125R_quiver	93.220	236	13	1	1727	1959	51179	51414	3.84e-93	344
contig_7536_revcomp:1641-3808	000031F_quiver	91.632	239	14	3	1727	1959	56554	56792	1.39e-87	326

contig_7632_revcomp:231-1466	000028F_quiver	98.147	1133	11	5	112	1235	651193	650062	0.0	1967
contig_7632_revcomp:231-1466	000040F_quiver	80.835	647	116	8	443	1085	193149	193791	1.22e-140	501

contig_7709:3-6821	000034F_quiver	99.326	6827	24	16	1	6818	642684	649497	0.0	12333
contig_7709:3-6821	000066F_quiver	97.893	6833	66	22	1	6800	26318	33105	0.0	11749

contig_806:6329-9668	000079F_quiver	98.863	3342	18	13	8	3339	141768	138437	0.0	5943
contig_806:6329-9668	000003F_quiver	97.701	3349	49	18	8	3339	1356657	1353320	0.0	5733

contig_807_dbAK:32-1080	000048F_quiver	97.610	1046	19	5	1	1046	240738	239699	0.0	1788
contig_807_dbAK:32-1080	000014F_quiver	96.929	1042	24	4	1	1042	272546	271513	0.0	1740


# Hundreds of matches
contig_1836_revcomp:175-5380	000000F_quiver	98.730	5195	44	21	13	5205	2724374	2719200	0.0	9208
contig_1836_revcomp:175-5380	000016F_quiver	96.512	86	3	0	5120	5205	577129	577214	3.63e-32	143
contig_1836_revcomp:175-5380	000068F_quiver	94.186	86	5	0	5120	5205	113851	113936	7.86e-29	132
contig_1836_revcomp:175-5380	000008F_quiver	94.186	86	5	0	5120	5205	685873	685958	7.86e-29	132
contig_1836_revcomp:175-5380	000011F_quiver	94.186	86	5	0	5120	5205	1368898	1368983	7.86e-29	132
contig_1836_revcomp:175-5380	000118F_quiver	94.186	86	4	1	5120	5205	60968	60884	2.83e-28	130
contig_1836_revcomp:175-5380	000001F_quiver	94.253	87	2	3	5120	5205	1726060	1726144	2.83e-28	130
contig_1836_revcomp:175-5380	000014F-007-01_quiver	93.023	86	6	0	5120	5205	12977	13062	3.66e-27	126
contig_1836_revcomp:175-5380	000000F-012-01_quiver	93.023	86	6	0	5120	5205	28113	28028	3.66e-27	126
contig_1836_revcomp:175-5380	000024F_quiver	94.048	84	4	1	5120	5203	852929	852847	3.66e-27	126
contig_1836_revcomp:175-5380	000003F_quiver	93.023	86	5	1	5120	5205	1151787	1151703	1.32e-26	124
contig_1836_revcomp:175-5380	000260F_quiver	90.698	86	7	1	5120	5205	862	946	2.85e-23	113
contig_1836_revcomp:175-5380	000010F_quiver	91.860	86	7	0	5120	5205	1023851	1023766	1.70e-25	121
contig_1836_revcomp:175-5380	000028F_quiver	92.500	80	6	0	5120	5199	400285	400364	7.92e-24	115
contig_1836_revcomp:175-5380	000033F-003-01_quiver	91.463	82	7	0	5123	5204	17597	17678	2.85e-23	113
contig_1836_revcomp:175-5380	000006F-004-01_quiver	91.667	84	4	2	5120	5202	82905	82824	2.85e-23	113
contig_1836_revcomp:175-5380	000062F_quiver	91.250	80	7	0	5120	5199	192022	191943	3.68e-22	110
contig_1836_revcomp:175-5380	000006F_quiver	90.361	83	8	0	5120	5202	251566	251484	3.68e-22	110
contig_1836_revcomp:175-5380	000020F-005-01_quiver	91.250	80	7	0	5120	5199	380	301	3.68e-22	110
contig_1836_revcomp:175-5380	000009F-001-01_quiver	90.244	82	8	0	5123	5204	186726	186645	1.33e-21	108
contig_1836_revcomp:175-5380	000021F-002-01_quiver	89.535	86	6	2	5120	5204	97608	97525	4.77e-21	106
contig_1836_revcomp:175-5380	000026F_quiver	90.000	80	8	0	5126	5205	345348	345269	1.71e-20	104
contig_1836_revcomp:175-5380	000025F-002-01_quiver	90.000	80	8	0	5123	5202	107692	107771	1.71e-20	104
contig_1836_revcomp:175-5380	000030F_quiver	88.372	86	9	1	5119	5204	429922	429838	6.17e-20	102
contig_1836_revcomp:175-5380	000036F-001-01_quiver	89.024	82	9	0	5123	5204	15709	15628	6.17e-20	102
contig_1836_revcomp:175-5380	000004F_quiver	89.024	82	9	0	5123	5204	243425	243506	6.17e-20	102
contig_1836_revcomp:175-5380	000032F_quiver	89.024	82	8	1	5123	5204	517862	517942	2.22e-19	100
contig_1836_revcomp:175-5380	000012F-007-01_quiver	89.744	78	8	0	5125	5202	109578	109501	2.22e-19	100
contig_1836_revcomp:175-5380	000110F_quiver	89.744	78	8	0	5123	5200	13165	13242	2.22e-19	100
contig_1836_revcomp:175-5380	000014F-009-01_quiver	89.024	82	8	1	5123	5204	156638	156558	2.22e-19	100
contig_1836_revcomp:175-5380	000056F_quiver	89.744	78	8	0	5123	5200	107875	107798	2.22e-19	100
contig_1836_revcomp:175-5380	000126F_quiver	89.744	78	8	0	5123	5200	68904	68981	2.22e-19	100
contig_1836_revcomp:175-5380	000012F_quiver	89.744	78	8	0	5125	5202	747578	747501	2.22e-19	100
contig_1836_revcomp:175-5380	000021F_quiver	88.372	86	7	2	5120	5204	884358	884275	2.22e-19	100
contig_1836_revcomp:175-5380	000029F_quiver	89.744	78	7	1	5125	5202	694864	694788	7.98e-19	99.0
contig_1836_revcomp:175-5380	000014F_quiver	88.750	80	9	0	5123	5202	291934	292013	7.98e-19	99.0
contig_1836_revcomp:175-5380	000003F-008-01_quiver	87.059	85	11	0	5120	5204	6010	6094	2.87e-18	97.1
contig_1836_revcomp:175-5380	000048F_quiver	87.952	83	8	2	5123	5204	227052	226971	2.87e-18	97.1
contig_1836_revcomp:175-5380	000001F-005-01_quiver	87.805	82	8	2	5125	5204	24061	23980	1.03e-17	95.3
contig_1836_revcomp:175-5380	000009F_quiver	88.095	84	5	5	5123	5204	775031	774951	1.03e-17	95.3
contig_1836_revcomp:175-5380	000010F-004-01_quiver	87.654	81	10	0	5124	5204	275637	275717	1.03e-17	95.3
contig_1836_revcomp:175-5380	000038F_quiver	87.654	81	9	1	5120	5200	94797	94876	3.71e-17	93.5
contig_1836_revcomp:175-5380	000037F-002-01_quiver	89.189	74	8	0	5128	5201	46161	46234	3.71e-17	93.5
contig_1836_revcomp:175-5380	000002F_quiver	86.207	87	10	2	5120	5204	1052683	1052597	3.71e-17	93.5
contig_1836_revcomp:175-5380	000074F_quiver	88.312	77	9	0	5128	5204	98605	98529	3.71e-17	93.5
contig_1836_revcomp:175-5380	000084F_quiver	89.189	74	8	0	5128	5201	16239	16166	3.71e-17	93.5
contig_1836_revcomp:175-5380	000027F_quiver	86.585	82	11	0	5123	5204	122535	122616	1.33e-16	91.6
contig_1836_revcomp:175-5380	000029F-002-01_quiver	86.747	83	9	2	5123	5204	143572	143491	1.33e-16	91.6
contig_1836_revcomp:175-5380	000034F_quiver	86.747	83	9	2	5123	5204	119587	119506	1.33e-16	91.6
contig_1836_revcomp:175-5380	000036F_quiver	86.585	82	11	0	5123	5204	533412	533331	1.33e-16	91.6
contig_1836_revcomp:175-5380	000004F-011-01_quiver	91.045	67	6	0	5125	5191	28964	28898	1.33e-16	91.6
contig_1836_revcomp:175-5380	000058F_quiver	86.585	82	11	0	5123	5204	199013	198932	1.33e-16	91.6
contig_1836_revcomp:175-5380	000005F-001-01_quiver	87.500	80	9	1	5123	5202	89683	89605	1.33e-16	91.6
contig_1836_revcomp:175-5380	000020F-003-01_quiver	86.585	82	11	0	5123	5204	297611	297692	1.33e-16	91.6
contig_1836_revcomp:175-5380	000005F_quiver	87.500	80	9	1	5123	5202	146892	146814	1.33e-16	91.6
contig_1836_revcomp:175-5380	000024F-002-01_quiver	89.189	74	7	1	5125	5198	26973	27045	1.33e-16	91.6
contig_1836_revcomp:175-5380	000078F_quiver	86.047	86	11	1	5119	5204	115802	115718	1.33e-16	91.6
contig_1836_revcomp:175-5380	000033F_quiver	88.000	75	9	0	5125	5199	273442	273516	4.80e-16	89.8
contig_1836_revcomp:175-5380	000168F_quiver	85.714	84	10	2	5123	5204	54974	54891	1.73e-15	87.9
contig_1836_revcomp:175-5380	000007F_quiver	86.250	80	11	0	5125	5204	326332	326411	1.73e-15	87.9
contig_1836_revcomp:175-5380	000020F_quiver	85.542	83	10	2	5123	5204	524523	524604	6.21e-15	86.1
contig_1836_revcomp:175-5380	000001F-001-01_quiver	85.542	83	10	2	5123	5204	67159	67078	6.21e-15	86.1
contig_1836_revcomp:175-5380	000165F_quiver	85.542	83	10	2	5123	5204	3848	3929	6.21e-15	86.1
contig_1836_revcomp:175-5380	000002F-004-01_quiver	86.076	79	11	0	5126	5204	63286	63208	6.21e-15	86.1
contig_1836_revcomp:175-5380	000116F_quiver	85.542	83	10	2	5123	5204	8439	8358	6.21e-15	86.1
contig_1836_revcomp:175-5380	000025F-005-01_quiver	85.714	84	8	3	5120	5199	160103	160186	6.21e-15	86.1
contig_1836_revcomp:175-5380	000025F_quiver	85.057	87	10	3	5119	5204	315903	315987	6.21e-15	86.1
contig_1836_revcomp:175-5380	000014F-001-01_quiver	85.366	82	11	1	5123	5204	72331	72251	2.23e-14	84.2
contig_1836_revcomp:175-5380	000001F-009-01_quiver	85.366	82	8	2	5123	5204	134093	134016	8.03e-14	82.4
contig_1836_revcomp:175-5380	000250F_quiver	85.000	80	12	0	5123	5202	21205	21126	8.03e-14	82.4
contig_1836_revcomp:175-5380	000021F-001-01_quiver	84.091	88	10	4	5120	5205	105935	106020	8.03e-14	82.4
contig_1836_revcomp:175-5380	000008F-002-01_quiver	85.714	77	10	1	5123	5198	6644	6720	2.89e-13	80.5
contig_1836_revcomp:175-5380	000027F-005-01_quiver	85.000	80	11	1	5123	5202	69819	69741	2.89e-13	80.5
contig_1836_revcomp:175-5380	000036F-002-01_quiver	84.810	79	11	1	5121	5199	318424	318501	1.04e-12	78.7
contig_1836_revcomp:175-5380	000016F-004-01_quiver	83.951	81	11	2	5123	5201	96926	97006	3.74e-12	76.8
contig_1836_revcomp:175-5380	000209F_quiver	85.714	70	8	2	5123	5191	10879	10947	4.83e-11	73.1
contig_1836_revcomp:175-5380	000051F_quiver	82.353	85	7	5	5123	5204	47174	47095	2.25e-09	67.6
contig_1836_revcomp:175-5380	000008F-009-01_quiver	81.707	82	14	1	5123	5204	15500	15580	2.25e-09	67.6
contig_1836_revcomp:175-5380	000046F_quiver	100.000	35	0	0	5120	5154	86435	86401	8.09e-09	65.8
contig_1836_revcomp:175-5380	000078F-001-01_quiver	80.682	88	14	2	5119	5204	50553	50467	8.09e-09	65.8
contig_1836_revcomp:175-5380	000012F-002-01_quiver	100.000	34	0	0	5125	5158	51974	51941	2.91e-08	63.9
contig_1836_revcomp:175-5380	000193F_quiver	100.000	34	0	0	5123	5156	48993	48960	2.91e-08	63.9
contig_1836_revcomp:175-5380	000121F_quiver	94.737	38	2	0	5123	5160	43530	43567	3.76e-07	60.2
contig_1836_revcomp:175-5380	000020F-002-01_quiver	94.737	38	2	0	5123	5160	11836	11873	3.76e-07	60.2
contig_1836_revcomp:175-5380	000020F-002-01_quiver	94.737	38	2	0	5123	5160	14481	14518	3.76e-07	60.2
contig_1836_revcomp:175-5380	000020F-002-01_quiver	94.737	38	2	0	5123	5160	14860	14897	3.76e-07	60.2
contig_1836_revcomp:175-5380	000025F-004-01_quiver	100.000	32	0	0	5126	5157	61414	61445	3.76e-07	60.2
contig_1836_revcomp:175-5380	000033F-005-01_quiver	80.723	83	9	3	5126	5201	37939	38021	1.35e-06	58.4
contig_1836_revcomp:175-5380	000001F-010-01_quiver	100.000	30	0	0	5123	5152	87452	87481	4.87e-06	56.5
contig_1836_revcomp:175-5380	000111F-001-01_quiver	96.970	33	1	0	5120	5152	25064	25032	4.87e-06	56.5
contig_1836_revcomp:393-5129	000000F_quiver	99.008	4736	30	16	1	4736	2724168	2719450	0.0	8469


